time,x,y,z,phi,theta,psi,x_velocity,y_velocity,z_velocity,phi_velocity,theta_velocity,psi_velocity,rotor_speed1,rotor_speed2,rotor_speed3,rotor_speed4
0.06,-4.849209755533019e-08,6.564432038341404e-07,10.004421350769437,0.000500984902406465,5.455614414984211e-05,0.0,-4.655123363491791e-06,5.330511570788607e-05,0.147369990148678,0.021277059613020916,0.002668613421770693,0.0,451.9975720688048,452.212527072841,450.39501025010236,452.1121762657858
0.12000000000000001,-1.8435580885620784e-06,1.7807697138593995e-05,10.014393799637851,0.0018975118306325811,6.2831018904457885,0.0,-5.855900157035521e-05,0.0006426595588867028,0.18503912975145917,0.026998941437654633,-0.014771012067973967,0.0,418.1718400141691,416.6502232147974,415.70563591873105,416.2067241406652
0.18,2.680405190937235e-07,0.00010763976976190494,10.031214497704319,0.0032516348790041505,6.282367452144385,0.0,0.00022197668428734026,0.0025255154265361197,0.3756064243432546,0.011778864146493869,-0.00760758526459543,0.0,464.8328273126318,465.393880517473,465.0939271470944,463.9005556934927
0.23999999999999996,3.1710805426064676e-05,0.00032676869088604603,10.056079459305689,0.003949089306616749,6.281703794191243,0.0,0.0008802834322829538,0.0048479772194916435,0.45319721313590877,0.011313190206932115,-0.019060763999528316,0.0,429.98451990679547,429.0134140528072,430.3111651962222,430.2716310891789
0.3,0.00013009648243604596,0.0007277042386738921,10.092457599939653,0.005066133604116452,6.2803073074906095,0.0,0.0025650085901368046,0.008638855159425484,0.7592541271071308,0.030239940850451237,-0.03341994941225998,0.0,497.5854953054146,496.53333711907703,498.7872930138801,500.16731918917696
0.36000000000000004,0.0003542368536228627,0.0013625612434155366,10.141942362806244,0.0066233602203196185,6.27809808395277,0.0,0.005129491213844759,0.012704107750827372,0.8901429073270545,0.015595616361881691,-0.044675149731436985,0.0,447.7277606495338,446.8105849995102,447.73629739932784,446.54356841763376
0.4200000000000001,0.0008133277397367155,0.0023088888502692424,10.204787340520046,0.007480402562245025,6.275375177371785,0.0,0.010533207879041547,0.018958286826785374,1.2044097432758147,0.011522717915316281,-0.04683341058787099,0.0,501.77337350116886,501.61574685217755,500.6992898574092,500.40279607484666
0.48000000000000015,0.0015738266308670825,0.0035639819219585723,10.274844222419121,0.008242622950592526,6.27283444996791,0.0,0.015020625964666554,0.02293424378422042,1.1308936924311557,0.014966674299600373,-0.03461587904904869,0.0,379.0145811187132,380.18551057742434,379.04575281131997,379.37645620041206
0.5400000000000001,0.002678748033481085,0.005099746289867214,10.34403461053437,0.009125020031660824,6.271016493671954,0.0,0.021991162996673964,0.028340976639824985,1.175404776813474,0.014181388743241444,-0.022825876727158058,0.0,420.1660281947911,421.1864395139776,419.8585604564143,419.7903387763568
0.6000000000000002,0.004242077560233175,0.006982403059828515,10.416533627825816,0.009922459007738915,6.2692306528051915,0.0,0.03026606818382445,0.0344934987866277,1.2411569459509535,0.011446911982287384,-0.04961917941294965,0.0,428.6150985523248,426.3317056259701,427.2869781643145,427.05371315526713
0.6600000000000003,0.006365680196311414,0.009266080763910018,10.494656082104212,0.01045660828753725,6.267241442104286,0.0,0.04076750482208921,0.041692433770696695,1.3627828916786893,0.0032542239274340407,-0.012013219645271652,0.0,443.0251236998571,446.10540322523366,446.33073609343876,445.6615522958723
0.7200000000000003,0.009136767258614247,0.011980269726408413,10.579023462360487,0.010767172269389391,6.267079264300598,0.0,0.05163988306455285,0.04880488591103422,1.449355860933749,0.008766691246201198,0.011364104741269802,0.0,433.3940693473408,435.35435692990677,434.42550492922066,434.88735106553196
0.7800000000000004,0.012599085073680906,0.015155918072780135,10.6711033495874,0.0112037086947252,6.267821580994358,0.0,0.06368683185413582,0.05710183949590831,1.6197481698214071,0.004112859155296216,0.014315028942665248,0.0,460.2875638761267,460.5208903043602,461.3438669966342,460.97618570936123
0.8400000000000004,0.01672889726514124,0.018810755737609312,10.77094256719983,0.011723059205825948,6.268191988450219,0.0,0.07390007582626887,0.06476423434984377,1.708097987383526,0.016469554394762775,-0.019821232794663163,0.0,437.36267556414373,434.5104626821169,435.18723591081005,436.22012657351297
0.9000000000000005,0.021515708914300494,0.022972793074239196,10.878981855680935,0.012537226043210836,6.2672388298896,0.0,0.08577737672395051,0.07407086386618422,1.8929203658587404,0.007026243855972893,-0.008992918423293427,0.0,465.3332236325563,466.18013405860773,466.34998038938414,465.61171385600386
0.9600000000000005,0.027029652397510193,0.027705652816022594,10.99778836925372,0.012886399445060981,6.266568584488438,0.0,0.09808361907129937,0.08373086079970836,2.0669961142039783,0.0032897269244982637,-0.015927098868502913,0.0,463.60087835288886,463.0558762641144,463.34476437885456,463.0508377920646
1.0200000000000005,0.03327545693799318,0.03300716850931409,11.125639446606842,0.01317436241736214,6.265596010021854,0.0,0.1102079245254092,0.09300897951089515,2.194467583810039,0.0076597040570879375,-0.016780566708103174,0.0,450.29120079047584,450.22225131510515,448.94606085666607,449.30039096467135
1.0800000000000005,0.04019889151612685,0.038820008440079476,11.257154551377859,0.014002385930405481,6.264658364209961,0.0,0.12065711399962731,0.10080983525210191,2.1893759834593602,0.023887057817411586,-0.01341563122525325,0.0,407.2746403318565,407.57555254591557,406.11692112724563,407.5697170815584
1.1400000000000006,0.04777533213994048,0.04512613070124031,11.388922631509043,0.015425559762884511,6.264024030804755,0.0,0.1319538098809657,0.10952107691557388,2.202863400112307,0.02338249597767713,-0.0054184118973423494,0.0,412.9705566250893,413.67544955663067,413.5523995529562,413.5080639287319
1.2000000000000006,0.05619810077270615,0.05211040259961463,11.52977096085309,0.016959951101562787,6.264010624349211,0.0,0.14881339527910498,0.12346979065683203,2.491493162590928,0.029628902725866574,0.0085429175727054,0.0,497.04763112442384,498.0697127678637,497.4537073892713,497.91091767702545
1.2600000000000007,0.06554996577372142,0.05990289249942592,11.683789797140044,0.01940066717694844,6.264453560598536,0.0,0.1628560493870228,0.13651144792240447,2.6421274605907055,0.056676883439891655,0.00495354349287868,0.0,459.10730486879055,458.8223202493648,457.1780706634021,459.3288125929897
1.3200000000000007,0.07571242036871925,0.06851326647879039,11.845623730824972,0.02281951829003237,6.264794296343435,0.0,0.17585397685751053,0.15084847062006773,2.7520701370052025,0.05758171600398715,0.007091664725426465,0.0,446.728630377279,446.90284192264744,446.75787058552737,446.83384755412123
1.3800000000000008,0.08667272652561278,0.07808897899053302,12.015471782151458,0.025907385825632012,6.265481787481315,0.0,0.18941904371140939,0.16869860580387352,2.909135282241436,0.03497719004758072,0.019007896053933226,0.0,460.52106367299746,461.46253561322027,463.55760680282634,461.7794362140622
1.4400000000000008,0.09849115553690715,0.08889297382058542,12.198303825280648,0.02812390043732549,6.266321056640155,0.0,0.20438511043507768,0.19169139518428596,3.184533245587497,0.0406064260250409,0.0013493020090591503,0.0,499.1095585380797,497.8190036993501,495.4383495115166,495.85253344075096
1.5000000000000009,0.11114852884669241,0.10106397846395654,12.395156932863744,0.030576139457431317,6.26628707043124,0.0,0.2175143597090462,0.21427517887137565,3.3766781047910146,0.04139379305629675,-0.004703578601031497,0.0,474.03400020380764,473.5686508405404,475.3856612883549,475.44674664450423
1.560000000000001,0.12460365012957045,0.11466189489339922,12.60400044121898,0.03276949279327912,6.2655974533709085,0.0,0.23102905464621878,0.23924700373894658,3.5841314052244715,0.02450588359862143,-0.030709037042511246,0.0,481.48768641524293,479.5162553412273,480.56632886958784,479.28497752250604
1.620000000000001,0.13881069246313266,0.12965452869823732,12.820708100183996,0.03398759077574365,6.263894774877276,0.0,0.24270429412013206,0.26063051345360844,3.639271306352785,0.010184829241591444,-0.02408249332492036,0.0,434.58430767219176,435.13917203861354,435.84287407372545,434.6442309056231
1.680000000000001,0.15378103254032885,0.14601077283659342,13.042485973834298,0.0347116358254036,6.264239129247137,0.0,0.256325454523622,0.2846336294148655,3.752951018688093,0.01558915999245221,0.035649848830417205,0.0,451.72762575917847,456.5191646022369,453.3500535331402,453.7839824345793
1.740000000000001,0.16953371477277765,0.16379186562628612,13.270182459569124,0.0354211286834909,6.266337382516818,0.0,0.2685462080603472,0.30814191879970854,3.836652665857748,0.0029691969457693312,0.03357747773673941,0.0,446.58615129410254,446.4175878304704,444.62813480264793,443.5928475896845
1.8000000000000012,0.18597037567925165,0.1829796943619489,13.502468866893418,0.03583037443404535,6.268123283589757,0.0,0.2791505394105208,0.3314721965515643,3.905992609737539,0.013585011323581246,0.0207758557167431,0.0,442.03420541523445,440.9782029787805,440.79700542373996,441.6733715593066
1.8600000000000012,0.20305566471083705,0.20368731011212415,13.741955079014222,0.037129879644195896,6.269100851390444,0.0,0.29022180799447606,0.3588816958056485,4.0762824862940095,0.03424656976093026,0.005342102176297935,0.0,473.0726960629241,471.8826309897697,472.21448946840206,473.8057235995004
1.9200000000000013,0.22079190722369577,0.22608812005936482,13.992040642510835,0.03945004317443246,6.269034844360441,0.0,0.3009558817537983,0.3880369199364581,4.2592233749876,0.04630198000816731,-0.018871194046808433,0.0,477.9974954415943,476.1486062944494,477.8207207733871,478.7395518645104
1.9800000000000013,0.23912397367567825,0.25013908042271704,14.249212745100309,0.04215422935114077,6.267876873743727,0.0,0.31021866869787423,0.4139131621700053,4.312958566694719,0.04248470461107675,-0.020170134687498974,0.0,440.23166258888125,440.1241980553621,439.3273204787493,439.0118639194478
2.0400000000000014,0.2580131305523002,0.27573680113197213,14.508258539188486,0.04522629862532934,6.266940842686299,0.0,0.31951273822639176,0.43959351442189126,4.321847035707381,0.06456574673345439,-0.007747690740636358,0.0,424.78076013292525,425.8448891428164,425.0339850827773,426.9241240303809
2.1000000000000014,0.27751779708235697,0.3030573266624689,14.770515389166484,0.049197113782086355,6.266841648698888,0.0,0.3306621957700672,0.4714708485682054,4.41964486165978,0.06922669110346702,0.008371232145953322,0.0,453.4252332336411,454.7184886421363,453.8747062106242,454.2518058333647
2.1600000000000015,0.2976482395690871,0.332245067763419,15.036073395184857,0.05351155493219828,6.267412905650115,0.0,0.34030240580682664,0.5018273468830855,4.432211381846361,0.0767893011463366,0.011726578432647494,0.0,427.2355802893635,427.5214811051922,428.0180687251913,428.66545793573033
2.2200000000000015,0.3183540065070728,0.36336178152781473,15.30290171282425,0.05842120371809667,6.267701666907289,0.0,0.3498356023527067,0.5358255896314453,4.461914550465425,0.09036277944980124,-0.014943319940642871,0.0,435.21322481895083,432.9749582231017,432.54513453848676,433.6923893474406
2.2800000000000016,0.3396026415767768,0.3965015005509053,15.569645979702996,0.0643078935099739,6.2666290513710905,0.0,0.35853412233164395,0.5693060143235007,4.429642029878052,0.11028962761284009,-0.024505661195547472,0.0,413.5366560081831,412.6934090916122,412.9009057113909,414.6642065742351
2.3400000000000016,0.36150900921842793,0.43220409354123,15.841349390536628,0.0707717775708323,6.265276938107569,0.0,0.37182831999762783,0.6214875062481484,4.626284674730427,0.10205452603094818,-0.018860308185582604,0.0,484.6165050647024,485.0407075426024,484.9952445810911,484.3853994453575
2.4000000000000017,0.3842446160204826,0.47119287556565925,16.124894522509795,0.07771888630686163,6.263966235688606,0.0,0.386150953808759,0.6788472141037635,4.824316496182524,0.1344702780529434,-0.028605239879786228,0.0,487.8667990678752,487.1385991188816,484.95775019692667,487.3969310971252
2.4600000000000017,0.4078128710524616,0.5135581041288304,16.41733395607429,0.08563534524512395,6.263411641077136,0.0,0.3995482991632887,0.7341040401957927,4.923143849291391,0.1263369889048924,0.01420628689506997,0.0,457.39011861885245,460.787426681698,459.67651201247406,459.04680713333084
2.520000000000002,0.43219416756677864,0.5594337447983964,16.716076704317512,0.09296245719834495,6.265312900006151,0.0,0.4129924277014965,0.7958113816164082,5.034364899930364,0.1119712985328348,0.053668973294252784,0.0,462.424386443805,465.523278175335,464.7055768258071,463.59067944848175
2.580000000000002,0.45736556457872424,0.6093351199665786,17.023310320009024,0.09974021906189545,6.268574497680717,0.0,0.42567037456298934,0.868248865085539,5.205885237534002,0.1148735486550285,0.055706808265026525,0.0,482.87965931596204,483.03508851125116,483.19979768077854,483.4287785139235
2.640000000000002,0.4831674169757543,0.6633476609022292,17.336972816511985,0.10668986980874529,6.27148492639925,0.0,0.4340841234276586,0.9327903162214968,5.24923390465931,0.11766858924927938,0.027469055844043654,0.0,447.2858827501593,444.9812297062529,445.88854319310127,446.12879732227856
2.700000000000002,0.5094326582555544,0.7214473483453133,17.653989191979367,0.1135196132398475,6.27330379483773,0.0,0.44124725287019534,1.0044998398405307,5.317544786133681,0.10477180559770784,0.035470819346057704,0.0,454.495587386318,455.1368296852455,454.74046941931516,453.717198748493
2.760000000000002,0.5360739208172162,0.7837962778879543,17.97348863400009,0.11988657250318102,6.275723754141465,0.0,0.44658507004108,1.0743449660855653,5.332258757850651,0.10867516452869189,0.04861441440941786,0.0,438.2128168164425,439.30505974590403,438.0784242699167,438.4129517914275
2.820000000000002,0.5629956115322097,0.8505772769631228,18.294894747180194,0.1267144390458279,6.278616636378491,0.0,0.4505232222282834,1.152279533826826,5.380921486584507,0.12245274425478113,0.047403330877815085,0.0,449.1578974972208,449.0610441561945,449.6942444380359,450.820309923939
2.880000000000002,0.5900957928932131,0.922120993132221,18.61885112408353,0.13425105558575723,6.281687387421506,0.0,0.4525351596982051,1.2331641296310645,5.417303803947593,0.13127126503930237,0.05782355515883549,0.0,447.0020224220627,447.85215382283474,445.3722718979571,446.1073205743458
2.940000000000002,0.6172545254892933,0.9984285572977606,18.943280768655193,0.14173662707182988,0.001905935651891788,0.0,0.4524603558178451,1.3110695508954928,5.396963708968432,0.1067360048297357,0.05445185272815638,0.0,430.00373218199263,429.72027523884395,429.092702997014,427.01881559755515
3.000000000000002,0.6443326018648012,1.080296870343313,19.27178770312554,0.14760013808859984,0.00718475963716525,0.0,0.4496251852155613,1.418435414667481,5.552341706589282,0.06567012474509921,0.11962076318037862,0.0,481.12648225339365,486.0405546953952,485.16664467323665,482.0797481618846
3.0600000000000023,0.6711451180198797,1.16807942187142,19.60528001568246,0.15145938832834815,0.014025504957067447,0.0,0.44348629676313583,1.507962597664397,5.563896249226957,0.06147708899714441,0.09940107579750712,0.0,442.5208992987588,440.8644946137644,441.2345803912991,440.89127715177284
3.1200000000000023,0.6974810723255036,1.2611609629602407,19.93855583285565,0.1550622627321392,0.020195670239238517,0.0,0.4338540037870168,1.595048456303797,5.545273351560763,0.05702573305004416,0.1089422629768115,0.0,431.30349693862485,432.1182015836228,432.37809594367144,432.0054982541012
3.1800000000000024,0.7231032071877568,1.3597155124019191,20.271922291063497,0.15818737379624448,0.026703432511376413,0.0,0.4196189855874818,1.690350679690587,5.5667109171645635,0.03970950829291209,0.10748678094258254,0.0,445.4870679409586,445.3783454424118,445.2328440349563,443.81529309451696
3.2400000000000024,0.747805040251481,1.46372483886663,20.60461047094771,0.16106274526101583,0.03320528708495729,0.0,0.40323690913168875,1.7768390481267056,5.523000862330298,0.06068025159755156,0.11006238321185835,0.0,422.9140172182857,423.14682920966936,424.41391416227225,426.2118062943295
3.3000000000000025,0.7713032542034461,1.5734901701289261,20.93786509323793,0.1643613655711711,0.03935275975270347,0.0,0.37941660896015517,1.8822499668992068,5.585024690895474,0.04001808167190134,0.07946172720393554,0.0,459.92342371107884,457.5012931274737,458.21907967217476,456.5751221533048
3.3600000000000025,0.7932059439014092,1.6898405560480871,21.276071818361334,0.1665822146983187,0.04431371058260325,0.0,0.35019143244559914,1.996197696812921,5.687870091320577,0.030205383052866047,0.08844741688262896,0.0,471.0321128893766,471.7317192260879,471.9573554149145,471.19979076495565
3.4200000000000026,0.8133971550238911,1.812517997813896,21.617195335382764,0.16794590381509344,0.050079384724597276,0.0,0.3223619332814408,2.093144998387793,5.682818369530271,0.0003451167774511498,0.10814551576533013,0.0,437.73342526369476,439.37773798575193,440.9010062639259,438.4265873079808
3.4800000000000026,0.831727805243747,1.9412968807390176,21.959633498070325,0.16781479483277906,0.056718007581438634,0.0,0.2880461585534273,2.1993752321277453,5.731437523401449,-0.007798782611620566,0.11521897061769507,0.0,456.5109334443202,457.08554556028736,456.24721368547665,455.59645990384513
3.5400000000000027,0.8480449398493796,2.075926609666459,22.301981730698916,0.16728871134669987,0.06435471732824993,0.0,0.25525096787955004,2.2882220348337072,5.680349735514596,-0.01078073625222601,0.14432030932335388,0.0,424.1501644714093,426.65764678023385,424.42729354968344,424.1713475519696
3.6000000000000028,0.8622011530989483,2.216027565869151,22.642207003194063,0.16750470509368842,0.07282467424581895,0.0,0.2158851068816533,2.3817463521942988,5.660489573453257,0.022905680111491834,0.13397303486576848,0.0,434.31814913423517,433.4682701353316,434.3550697258968,437.1716077948252
3.660000000000003,0.8737979598087887,2.3618554244907837,22.981923187063767,0.1696558336362104,0.08106075040303384,0.0,0.16995845467848197,2.4792693865394035,5.663208768433054,0.05379147636194661,0.14314915983468326,0.0,442.05514684103315,442.82825968600537,440.76081441817985,443.30706197987894
3.720000000000003,0.8824527278029781,2.5136413624418004,23.3222180940451,0.17330159800558054,0.08974181884413124,0.0,0.11776427198996448,2.5804827507453547,5.679653246444618,0.07195167908165372,0.14758741523448043,0.0,447.2548019537208,447.63558788439985,445.9683801944554,447.45207594109587
3.780000000000003,0.8879636785298197,2.6712769814453536,23.661878485915977,0.17736223206838275,0.0982172549764071,0.0,0.06520541387271242,2.674337134615623,5.642317870166797,0.057358619572094226,0.12396497803273994,0.0,431.28996579090636,429.3086584415588,430.7792405771682,429.546754439077
3.840000000000003,0.8897086519778378,2.8354370844455006,24.003949579995286,0.18090679191644998,0.1061166189463254,0.0,-0.007777075003900898,2.7978299724515256,5.759167716761204,0.06230542304092366,0.14375911968483082,0.0,478.22515700785414,479.7450830776515,478.65519292905503,479.033737612131
3.900000000000003,0.887138054346414,3.0066731485245826,24.350842206196237,0.18526525894840784,0.11522534689278707,0.0,-0.07871275788466113,2.910283303416441,5.80338627804009,0.0878609987793806,0.16436326581855148,0.0,457.0423571940014,458.70253846431933,458.1518864225587,460.1833930323151
3.960000000000003,0.8799712772340671,3.1849831388007184,24.70169896988809,0.19069870015458168,0.12494324569652893,0.0,-0.1610972334928266,3.0337241892815974,5.890984666388725,0.09546467748213515,0.15668384590553686,0.0,473.8284820347174,473.2607885847336,472.3287790375142,472.9212465000472
4.020000000000002,0.8676444059340541,3.3708242141848253,25.057912160770403,0.19607272805045994,0.1343833488534516,0.0,-0.2506686116147887,3.1613277374240685,5.9818709609760745,0.07391034548642804,0.1586050376083414,0.0,475.1200438555436,475.2890358798529,477.31643692979014,475.6742698660082
4.080000000000001,0.8496666044814517,3.564526305781774,25.420115529955098,0.2010852216543606,0.14357239214345263,0.0,-0.3494583711970224,3.295649054627173,6.090533562824301,0.0979699949909261,0.13908229460969662,0.0,482.6768219504648,481.22079772552695,483.2416587365277,485.05712438171327
4.14,0.8263180156533189,3.7653537273765605,25.783786131581092,0.20695960013136006,0.15163060232906567,0.0,-0.4294940372703345,3.3990016412124224,6.031746736044669,0.09777872843387268,0.12245389408960684,0.0,432.7424834222877,431.3571609033587,432.4842218619966,432.47661289139546
4.199999999999998,0.7984307071337317,3.9719376069734706,26.141423434783327,0.21259980353807872,0.15906877412288445,0.0,-0.5006617300016049,3.4875469956959813,5.889915980433225,0.08512461340724249,0.12683768435977835,0.0,403.786387628575,404.19739153202397,403.7305012827763,402.59524335470337
4.259999999999997,0.7648819246649191,4.185582220714191,26.498318189823554,0.21848274509643062,0.1667650576565256,0.0,-0.6182820899916353,3.634219460181,6.005404354121715,0.11595929249241337,0.1309920934558268,0.0,485.44683175241465,485.7720223930034,486.9551249158616,489.26365357886584
4.319999999999996,0.7252239274533141,4.406708608774327,26.855691740325806,0.22552183850106378,0.17437654688976867,0.0,-0.7042634793711576,3.7371383905607165,5.90711753087456,0.11990390784741514,0.11695886508739507,0.0,420.9489370984521,419.7480572832095,420.7831854217246,421.13778811189974
4.379999999999995,0.6797421297437672,4.634799247401653,27.21017507598589,0.23309695064414893,0.18103044565677973,0.0,-0.8123383081491907,3.866354552333752,5.90841011458433,0.13661047952680067,0.09463874938351871,0.0,455.02443520522723,453.24402116693113,452.97030666720605,454.3261137342579
4.439999999999993,0.6276677860337554,4.870753178469674,27.5646564203802,0.24107641694358328,0.1865424932705233,0.0,-0.9238922546160317,3.9992992910539726,5.907029191188541,0.12454870850842208,0.08565692416566215,0.0,455.0921652351552,454.37935679593943,454.38341705031377,453.43098164669703
4.499999999999992,0.5674996129212287,5.116453786441677,27.925685191141955,0.248569315250176,0.1913550466089946,0.0,-1.0819834241834887,4.191081413112544,6.125241261061934,0.125538667382251,0.06615091341869263,0.0,522.3253790994271,520.9670250093594,522.0158456427384,522.0965636558816
4.559999999999991,0.4988902230549752,5.372349409602306,28.29397908938763,0.25626001892884265,0.19558505175757812,0.0,-1.205252378838542,4.3392090749436125,6.1504028373271575,0.13298998044429652,0.07802025143740453,0.0,467.9126195679122,468.8394419340862,467.8188754385793,468.4129158705475
4.6199999999999894,0.4235951134148595,5.6362410998759485,28.65989036509869,0.26461184695979867,0.19986260238173248,0.0,-1.3049499017311323,4.457710911110661,6.046623516762588,0.14936456987544203,0.05235820446713473,0.0,429.00083763669824,426.81956998047843,426.1695163620801,427.5858868384497
4.679999999999988,0.34164492143791697,5.908142545406839,29.022454801444123,0.27418183436482035,0.20263258136807494,0.0,-1.426886832217747,4.606243857026437,6.0381520867212215,0.17448827467585068,0.029391636207735092,0.0,459.4305888195847,457.60665236149146,459.4019177408202,461.41288356683486
4.739999999999987,0.25236675028026173,6.189063916531103,29.38430797321283,0.28486726081991964,0.2041047431572851,0.0,-1.5490938888195522,4.758474660591002,6.022895644960557,0.18445677839821667,0.012428102583942283,0.0,460.32061302191096,458.9759655629755,457.63245840422206,458.45491379076657
4.799999999999986,0.1557148907989429,6.479312004576012,29.745278209056472,0.2967395675736686,0.2050494286000264,0.0,-1.672598658284474,4.917200419700333,6.008647284779428,0.21624576940049098,0.021666568522285747,0.0,460.1669135717582,460.89774795672963,459.7797190965394,462.3277038642368
4.859999999999984,0.0516917285958243,6.779193559614604,30.105066011866352,0.31014752413504443,0.20639113792850416,0.0,-1.7948471305864488,5.079707724624326,5.983430617892062,0.23496319590198955,0.0237171484139507,0.0,458.75883941621345,458.92168515368024,458.53488219868154,460.0670953081401
4.919999999999983,-0.06013671176315024,7.089691066577906,30.465290927641767,0.3244966661968878,0.2075092439896844,0.0,-1.9326810730848252,5.271118952241867,6.0226443953602224,0.2464211541956427,0.005795011963495222,0.0,481.8818347551245,480.52470461694537,481.7220796295313,482.6399471857619
4.979999999999982,-0.17926009311086488,7.410409189176219,30.823307268468223,0.33912023959678894,0.20756952935042783,0.0,-2.0381175297724163,5.420421107273781,5.910865847557403,0.23771709213425282,-0.010898907293689756,0.0,435.81681425897784,434.4187932191641,434.8039761388966,434.1347809800158
5.0399999999999805,-0.30503504946705956,7.740790287206026,31.17600327472166,0.3531453348686844,0.2064006006944945,0.0,-2.154250453188688,5.593146027274574,5.844953498062069,0.2243490794005687,-0.04830749206918727,0.0,453.5968643454136,450.58161896346695,451.32531870924566,450.29817262752886
